%% 4 a

rate = 1000;     %pps

x = 64 : 1518;

%% 4.a)
